0.8067
0.8286
0.8674
0.8343
0.864
0.8854
0.8354
0.8752
0.9146
0.9399
0.8775
0.9077
0.9044
0.935
0.9254
0.9078
0.9295
0.8389
0.5922
0.8715
0.6558
0.4482
0.5897
0.5079
0.5559
0.4266
0.5358
0.8642
0.7389
0.4353
0.7312
0.6521
0.3945
0.3738
0.153
0.3516
0.1586
0.1069
0.04986
0.2582
0.1157
0.07185
0.1268
0.1138
0.1258
0.1892
0.2109
0.145
0.1237
0.05169
0.1505
0.2568
0.1405
0.1882
0.4302
0.4696
0.2815
0.4888
0.5326
0.638
0.3602
0.6043
0.6267
0.4029
0.563
0.6763
0.5545
0.3861
0.6026
0.6316
0.4089
0.377
0.6651
0.2305
0.2247
0.5623
0.513
0.8098
0.6992
0.4715
0.2452
0.2471
0.409
0.1854
0.2171
0.3337
0.2639
0.2144
0.3369
0.6248
0.7286
0.3352
0.4334
0.718
0.6137
0.4075
0.7447
0.5506
0.4569
0.5514
0.633
0.7063
0.8071
0.5806
0.385
0.7512
0.7153
0.4118
0.565
0.2172
0.2291
0.2336
0.1851
0.39
0.559
0.302
0.7363
0.7587
0.6376
0.1826
0.455
0.2893
0.548
0.1315
0.3403
0.3235
0.1552
0.3541
0.2102
0.3919
0.4274
0.619
0.2926
0.3274
0.7334
0.6808
0.1043
0.1892
0.4994
0.1216
0.05579
0.1543
0.3032
0.1983
0.0848
0.5458
0.4274
0.1432
0.3896
0.4883
0.7287
0.5808
0.6897
0.5054
0.5074
0.7299
0.5442
0.4095
0.7817
0.5218
0.2448
0.6851
0.8043
0.3432
0.4437
0.8371
0.6926
0.9126
0.6967
0.3393
0.695
0.4533
0.2609
0.5921
0.7829
0.395
0.5747
0.4505
0.8337
0.7075
0.3114
0.5844
0.9163
0.6172
0.3511
0.7017
0.7421
0.5029
0.3631
0.4387
0.3052
0.3178
0.1672
0.3695
0.4626
0.3634
0.1396
0.3068
0.3214
0.5662
0.4357
0.543
0.2872
0.1817
0.599
0.6066
0.06371
0.1219
0.7132
0.448
0.09019
0.5359
0.6735
0.2783
0.3608
0.6093
0.5637
0.3469
0.7284
0.6849
0.3555
0.5124
0.6263
0.4482
0.3866
0.3961
0.3385
0.2149
0.1254
0.08984
0.1837
0.1873
0.1148
0.4308
0.3061
0.1224
0.2735
0.4407
0.2419
0.2494
0.5505
0.7123
0.4803
0.3524
0.7771
0.6483
0.7454
0.7887
