0.8612
0.6822
0.7854
0.808
0.8707
0.8591
0.8978
0.8981
0.864
0.9065
0.8995
0.9159
0.9189
0.9113
0.9217
0.8827
0.8567
0.8712
0.8799
0.8438
0.8026
0.8925
0.8273
0.7172
0.7818
0.7837
0.6159
0.808
0.7677
0.4803
0.6949
0.648
0.3545
0.5261
0.1191
0.2481
0.09311
0.1172
0.08567
0.5268
0.2491
0.1455
0.1691
0.2417
0.3237
0.315
0.4962
0.5212
0.5858
0.5568
0.5109
0.4539
0.3183
0.5496
0.6276
0.4815
0.3208
0.605
0.5454
0.5657
0.3757
0.6599
0.6269
0.3872
0.5349
0.681
0.4891
0.3837
0.5625
0.6352
0.4236
0.4014
0.6943
0.4333
0.2235
0.6502
0.6328
0.8301
0.5688
0.5567
0.2489
0.1168
0.4244
0.1833
0.2304
0.4184
0.4367
0.2785
0.3692
0.7379
0.7918
0.3263
0.4836
0.8353
0.6376
0.4547
0.7313
0.6018
0.465
0.5887
0.6542
0.644
0.7415
0.5755
0.3834
0.6948
0.6791
0.494
0.6448
0.2815
0.302
0.3551
0.2527
0.472
0.6454
0.3629
0.7785
0.7198
0.5941
0.1175
0.4942
0.3504
0.6345
0.3537
0.3633
0.469
0.3812
0.3642
0.3113
0.5171
0.4549
0.5522
0.3491
0.3486
0.6164
0.6223
0.1723
0.1647
0.4811
0.1788
0.06006
0.1245
0.304
0.2589
0.1119
0.544
0.5037
0.1832
0.3783
0.5749
0.575
0.6229
0.7782
0.6702
0.5213
0.7377
0.6284
0.4201
0.6781
0.4792
0.4441
0.6871
0.839
0.4896
0.5584
0.895
0.783
0.9221
0.7038
0.4433
0.6612
0.5233
0.3773
0.7324
0.4897
0.2212
0.6011
0.484
0.1077
0.5384
0.5291
0.164
0.5274
0.5484
0.3018
0.2339
0.5619
0.4752
0.1896
0.2356
0.3288
0.161
0.06986
0.7418
0.2798
0.3609
0.0813
0.1104
0.2331
0.4395
0.4408
0.5193
0.3019
0.2543
0.5417
0.5499
0.0568
0.09791
0.6691
0.369
0.07504
0.5252
0.5815
0.1452
0.2761
0.596
0.622
0.2386
0.5818
0.6882
0.3347
0.5155
0.5244
0.41
0.3111
0.3673
0.2549
0.149
0.1262
0.05885
0.3262
0.2082
0.117
0.3901
0.3116
0.135
0.303
0.412
0.1218
0.2736
0.6145
0.6788
0.4099
0.401
0.8442
0.8096
0.4122
0.6457
