0.771
0.821
0.8574
0.8821
0.901
0.9003
0.9186
0.9201
0.9042
0.9128
0.917
0.9331
0.9261
0.931
0.9449
0.9396
0.9478
0.9319
0.852
0.9232
0.7233
0.6105
0.834
0.6654
0.5392
0.4956
0.5292
0.7656
0.6277
0.3748
0.6107
0.5136
0.3208
0.2272
0.1103
0.2063
0.1038
0.1189
0.08367
0.3067
0.1387
0.1341
0.1619
0.2403
0.2366
0.3661
0.3508
0.3429
0.2212
0.1447
0.2159
0.4162
0.2396
0.2374
0.4052
0.4869
0.2488
0.4301
0.5582
0.5292
0.3069
0.5629
0.5875
0.4027
0.4903
0.6654
0.5474
0.3931
0.531
0.5873
0.4489
0.4464
0.6647
0.4339
0.3933
0.7246
0.7823
0.9456
0.8782
0.626
0.7025
0.8077
0.5095
0.2681
0.3241
0.383
0.3698
0.3242
0.364
0.686
0.6917
0.3034
0.4774
0.7433
0.6003
0.4402
0.6975
0.5885
0.4524
0.5969
0.6637
0.6942
0.7157
0.4976
0.3883
0.7173
0.5783
0.4409
0.5546
0.2206
0.2245
0.2781
0.1813
0.334
0.5779
0.3148
0.7109
0.6482
0.6106
0.1236
0.4145
0.3199
0.433
0.114
0.3057
0.3815
0.1554
0.2623
0.2193
0.4981
0.4752
0.5796
0.3382
0.3617
0.6335
0.6078
0.1302
0.1547
0.5079
0.1196
0.04909
0.1296
0.2775
0.1974
0.0681
0.5221
0.4298
0.1136
0.3244
0.4655
0.73
0.6326
0.6885
0.5328
0.4835
0.708
0.5664
0.3793
0.7113
0.4745
0.4004
0.6659
0.821
0.4775
0.513
0.8324
0.7048
0.8899
0.6048
0.2648
0.7318
0.4026
0.3389
0.5715
0.3197
0.3165
0.4412
0.3636
0.2102
0.6603
0.4849
0.1865
0.576
0.6025
0.3229
0.2644
0.5199
0.4474
0.206
0.235
0.3206
0.2731
0.08245
0.3508
0.4486
0.3084
0.06051
0.1643
0.2632
0.4814
0.4393
0.5055
0.2711
0.1978
0.5308
0.5082
0.05022
0.08025
0.6304
0.3539
0.06451
0.4793
0.6113
0.1775
0.2577
0.4962
0.4341
0.2902
0.6272
0.5882
0.3042
0.5179
0.4989
0.3898
0.376
0.3877
0.2865
0.1978
0.1637
0.07388
0.2654
0.2265
0.1325
0.4614
0.2906
0.1308
0.2814
0.4389
0.1543
0.2724
0.5786
0.6585
0.3978
0.4391
0.7856
0.5469
0.5957
0.42
