0.744
0.7698
0.7421
0.8433
0.8292
0.8765
0.8853
0.9174
0.9093
0.9006
0.9304
0.9212
0.9118
0.9372
0.9331
0.9067
0.8913
0.9367
0.8383
0.8807
0.6359
0.5173
0.6644
0.649
0.5536
0.5114
0.583
0.8888
0.7923
0.4767
0.7876
0.7398
0.4349
0.5748
0.1342
0.3106
0.1271
0.1187
0.09026
0.3461
0.1325
0.08472
0.1707
0.2134
0.2252
0.3267
0.3539
0.3521
0.1657
0.162
0.3546
0.3637
0.2009
0.292
0.4756
0.5871
0.2319
0.4231
0.6642
0.6401
0.3139
0.6763
0.6204
0.4083
0.5687
0.7417
0.472
0.417
0.6567
0.6755
0.4072
0.4368
0.7687
0.4041
0.3313
0.5855
0.52
0.8747
0.863
0.6005
0.5198
0.8949
0.757
0.8312
0.4842
0.4783
0.354
0.3342
0.3579
0.5746
0.5946
0.2519
0.4474
0.6427
0.5615
0.4643
0.78
0.5711
0.4529
0.6533
0.7035
0.6159
0.8158
0.5665
0.3743
0.6331
0.7601
0.4484
0.5726
0.2183
0.2564
0.3155
0.188
0.3954
0.6542
0.4176
0.8297
0.8096
0.6761
0.1529
0.501
0.3526
0.5426
0.1658
0.2945
0.379
0.2111
0.381
0.2339
0.4427
0.4881
0.6949
0.2394
0.3288
0.7268
0.6995
0.1302
0.2176
0.571
0.1144
0.05116
0.1318
0.2247
0.1959
0.06609
0.4361
0.4329
0.09333
0.3202
0.4492
0.6632
0.6112
0.7233
0.5663
0.5056
0.7083
0.7278
0.4099
0.6853
0.4336
0.3495
0.6113
0.7905
0.4231
0.4548
0.7864
0.5741
0.8422
0.3563
0.2906
0.4665
0.8227
0.7399
0.4915
0.6058
0.8385
0.5627
0.3421
0.4288
0.6529
0.373
0.2164
0.7535
0.5293
0.3285
0.3199
0.5221
0.447
0.2024
0.1368
0.3344
0.2843
0.09643
0.3638
0.4494
0.3093
0.1937
0.2075
0.3156
0.4686
0.413
0.4731
0.2564
0.1856
0.4664
0.5711
0.04797
0.08096
0.6517
0.3791
0.08738
0.5092
0.6027
0.2297
0.3883
0.6223
0.467
0.3407
0.7734
0.7085
0.3446
0.6013
0.695
0.5353
0.3622
0.3749
0.3351
0.3003
0.07647
0.06913
0.2404
0.1787
0.1049
0.4281
0.289
0.1159
0.2841
0.4664
0.2131
0.2449
0.52
0.6371
0.4002
0.3727
0.5568
0.4841
0.3313
0.6047
