0.842
0.8974
0.932
0.9157
0.9444
0.9528
0.9416
0.9356
0.9305
0.9131
0.8923
0.8786
0.9072
0.8883
0.8867
0.9036
0.8854
0.879
0.9357
0.9191
0.9078
0.9285
0.9285
0.9343
0.8748
0.9084
0.6891
0.7115
0.8129
0.7314
0.5949
0.5888
0.5287
0.8148
0.6825
0.4114
0.7029
0.6937
0.3959
0.3855
0.1756
0.2947
0.1153
0.105
0.08018
0.2794
0.1144
0.1071
0.1302
0.1389
0.2326
0.2117
0.1968
0.4071
0.2146
0.5366
0.4722
0.3281
0.3221
0.4238
0.359
0.4638
0.3286
0.3772
0.4358
0.504
0.2302
0.3647
0.5709
0.4201
0.42
0.5698
0.5107
0.3811
0.6037
0.6203
0.434
0.3809
0.704
0.5031
0.3322
0.7206
0.6759
0.9006
0.6452
0.5573
0.3348
0.2499
0.3867
0.1979
0.2459
0.3808
0.3193
0.2595
0.4052
0.665
0.7284
0.3784
0.4645
0.6969
0.6018
0.3884
0.6643
0.4319
0.3953
0.4394
0.6088
0.5751
0.7575
0.4381
0.3833
0.7617
0.6209
0.3042
0.3224
0.2378
0.1341
0.1294
0.2156
0.1937
0.4588
0.3299
0.4332
0.5264
0.4668
0.2299
0.1604
0.1378
0.1821
0.06428
0.2954
0.3737
0.1978
0.2501
0.2351
0.4027
0.3226
0.4885
0.3362
0.3382
0.5235
0.5645
0.2062
0.1037
0.4368
0.1213
0.04344
0.1255
0.203
0.1328
0.07579
0.363
0.3295
0.1393
0.4097
0.4654
0.6821
0.5827
0.7015
0.5235
0.4292
0.5998
0.5569
0.4023
0.5581
0.4171
0.4661
0.6536
0.79
0.4856
0.5157
0.8027
0.6946
0.8994
0.7453
0.6462
0.6469
0.4503
0.2382
0.6489
0.3421
0.2909
0.615
0.3985
0.1634
0.631
0.4003
0.1717
0.5694
0.6789
0.4027
0.2411
0.4871
0.4017
0.3799
0.3225
0.5184
0.449
0.2723
0.4638
0.5711
0.43
0.648
0.5662
0.5887
0.5966
0.5038
0.3786
0.3994
0.3692
0.2566
0.6052
0.1452
0.1109
0.7138
0.4892
0.09294
0.434
0.5356
0.2029
0.1261
0.4664
0.4951
0.2516
0.5446
0.6089
0.2786
0.4565
0.5191
0.4645
0.2752
0.2887
0.2579
0.1475
0.1246
0.06709
0.3118
0.1696
0.08437
0.3674
0.279
0.201
0.4007
0.479
0.2095
0.5474
0.7569
0.6616
0.5838
0.7439
0.7958
0.5714
0.6211
0.4907
